1.874639724896496773e+00
-4.560966093313238434e-01
-1.331102774952620305e+00
-6.402343871286729771e-01
8.515028377529121340e-02
-2.022497579299542547e+00
-9.087944338620039808e-01
-2.060852322500546396e+00
1.226383410074725955e+00
-3.243267057483278926e-01
-1.265573195990360000e+00
6.781016211696822005e-01
-6.739677219551148957e-01
1.370470956498198944e+00
-1.619883274949755203e-01
3.339851737132783494e-01
4.164519842098318159e-01
-6.529171397338240368e-01
-8.742454868288754288e-02
1.845455539387375499e+00
-1.067430156138417852e+00
1.319345720456135185e+00
-5.338889205907949159e-02
-1.856548720016075738e+00
-1.483772916605103243e+00
3.514161451962330984e-01
-1.438066192845840696e+00
1.402271884771273180e+00
4.331156934357681121e-01
1.946598402235104885e-01
-1.683096427215616586e+00
1.725773383419795692e+00
4.726643128273074201e-01
1.458507679847244054e-01
4.800754767400799983e-01
2.902853609602630836e-01
5.336369038825671263e-01
-9.817845882506077704e-01
-1.711109536285176258e+00
-6.702029297325584611e-02
-1.677729099210119659e-02
-1.323009233895265369e-01
2.375044854518736370e-01
-6.854066466917120293e-01
-5.962777640937444446e-02
-1.550879209789427504e+00
1.287556603805232666e-02
7.940788582193643030e-01
-1.765129970910013224e+00
5.398214927982833977e-01
-2.521728129248034245e-01
1.526684536957944628e-03
-2.456995276237667336e-01
1.327615251500153581e+00
1.073260454763991928e-01
5.459465750946219248e-02
4.577410028865374625e-01
-1.027181263428413871e+00
1.824982489781150352e-01
2.006211867584461461e-01
1.239142116601692489e+00
1.538635635948804481e+00
1.143173056347057015e+00
-3.921722351959558983e-01
5.943197552639815084e-01
2.175841699727575573e+00
1.103242677382255232e+00
1.740961480751004986e+00
-3.205421236934213880e-01
-1.269296972865782580e+00
-2.247110636039362230e+00
4.284235948238712677e-01
6.505207417087537358e-01
-5.575851480555443773e-01
-8.379802832950796754e-01
-7.727331851792538231e-01
1.581227745002828478e+00
1.322586632430112541e+00
-1.566920335096630756e+00
1.211238575121536876e+00
3.032538141304532142e-01
4.162379330247253234e-02
-7.742026819405594118e-01
1.347569116789888444e+00
3.070816309968839031e-01
1.588390299789652405e+00
8.830741604461916916e-01
-8.861204090251527388e-02
9.810380696910914189e-01
3.986994816430156768e-03
-1.772074083325588800e+00
-1.654385752279911248e+00
5.603167686186792951e-01
5.521952879187016494e-01
-2.538542192673759690e+00
7.126507393156165104e-01
-9.508695541923003480e-01
5.665003234936226706e-01
-3.539112235251872796e-01
-1.657806533028823859e+00
1.559921720970790737e+00
-9.638656149519146954e-01
-7.073185666415433559e-01
8.677586937561091451e-01
1.119355281323898971e-01
-1.034719717978005216e+00
2.431463778984412460e+00
6.270260999657680800e-01
3.043264657005669283e-01
-8.540760067559853841e-01
-1.222510642962756799e+00
2.127907656211639686e+00
-4.778853421705875903e-01
9.564778743722643917e-01
1.403648039101147660e+00
-5.242943033789271290e-01
1.875221377357186858e+00
-4.884313474829399815e-01
4.367300855967455875e-01
-7.785149233913235545e-01
1.250384523298805617e-01
1.461331992288146475e+00
7.359437212308983511e-01
3.561651606121765123e-01
1.109981120504330843e+00
-2.597576560398764389e-01
1.827931019355226283e+00
2.329069924258238000e-01
7.196765331158002654e-01
2.856971631011852031e-01
5.336936262719206292e-01
-1.602513248976574545e+00
-1.913842428978362875e-01
6.168640350128724581e-01
6.346809750372754966e-01
8.239757055793229812e-01
1.721895471930459998e+00
1.617145648787991601e-03
-1.234013399300817770e+00
1.148585137154802593e+00
-1.097316404914202126e+00
3.494920266533526054e-01
-2.749608741872289208e-01
4.480506787254317710e-03
-5.481855205224066552e-01
1.510487167515695006e+00
2.078133293686275973e+00
1.613423900075100947e+00
2.272871132284196849e-01
-1.574367319960036093e-01
-5.621667377351761141e-01
2.256677070529660989e-01
-4.679473475217091893e-01
-1.043308367380591406e+00
-6.121726270019404170e-01
-1.296169826484359744e+00
7.858939862812526211e-01
-1.734707847517277912e+00
5.632849740773088199e-01
-1.771551975984642535e+00
-2.521921073047644901e-01
-1.789119029902962010e+00
-2.270355207650996340e-02
-4.242294722816696284e-01
-5.042571394351935687e-02
9.700658094694596112e-02
-7.538833552760518808e-01
-5.728727964624341640e-01
-2.957518815094560272e-01
1.008517919255020434e+00
3.071685486544497024e-01
-1.702701192334789004e+00
-9.025746730898265291e-01
5.972755988048950027e-01
-4.475224475803644686e-01
-7.739182376489641690e-01
3.235678616412132058e-01
-2.156165977758071894e-01
2.381978673716134698e-01
-9.794590639405539312e-01
2.199356365540174607e-01
7.789795301356192136e-02
1.307341968292033529e+00
1.233286853149764273e+00
-5.133882680426915535e-01
5.553150512325439880e-01
-3.469913012262967333e-01
7.379884644186196496e-01
-7.061030211310562188e-02
4.149451843438692888e-01
1.610162489491930859e+00
-4.844240215586523290e-01
-5.189912209564807588e-01
1.319163920921726074e+00
-6.712013010907299515e-01
1.166193374642852110e+00
-1.961264849068968807e-01
-4.346877674300477223e-01
-1.292397143521248681e+00
-6.674052417333563580e-01
3.490332511066456256e-01
-7.470994004314404080e-01
-3.549747515652695862e-01
-2.809110944080917549e-01
-2.507744398792229878e-01
-1.171617930733839019e+00
1.526512434308845867e+00
-6.592174137539202894e-01
5.165671925637860956e-02
9.067295019541709022e-01
3.124078840412856106e-01
-5.432431862378016563e-01
9.334560682026704637e-01
3.622752653857645444e-01
-2.144851293527721692e-01
-6.716631253596603290e-01
-5.184730902235208383e-01
1.070625159701071638e+00
2.050453003855821077e-01
-7.683723703276815753e-01
4.537626390291176204e-01
-2.812189759814274215e-01
3.565747319142246741e-01
-1.392554607128218214e+00
8.163884922924985466e-01
-1.305087980192420227e+00
-1.700383195044167906e+00
-1.930953628701205016e+00
-5.157422149534495182e-01
-1.651902676176463025e+00
2.119988088859877107e-01
-7.715448073841036924e-01
-7.946302336062451011e-02
-1.917224297648545128e-01
-2.098376049992454639e+00
-1.673664756702584855e+00
9.605203642927785390e-01
3.006697294472688298e-01
2.606151946326120683e-01
6.277475357225154040e-01
4.609537929998591133e-01
-7.579877743791839650e-01
-6.419520809087940760e-01
-1.288713127233671596e+00
-9.113513675484790078e-01
-8.985845880728893231e-02
-1.256640079531523568e+00
-6.330811745466128349e-01
5.514217440413098359e-01
-1.215593745180083118e+00
-4.127951787383272175e-01
1.188103486904982554e-02
-4.776485068353037225e-03
-1.987720914796924587e+00
-8.395670802478678862e-02
-6.523629679463880393e-01
1.818864082552337891e+00
-8.327647194910040573e-01
1.847932343766754137e-01
1.863541261371191471e+00
2.536112930115699715e+00
7.105957686823515251e-01
9.371089141095354513e-01
-4.805479229855410539e-01
1.190293552969712565e-01
-3.298794155374413783e-01
-4.817479082829924653e-01
1.184446463335708799e+00
1.341715354193246945e-01
5.833506369265621938e-01
1.155832132384606359e+00
-2.550414231087434064e-02
1.365440457130343788e+00
-1.347896685657377747e+00
2.503009393172093699e-01
-6.260796997787859697e-01
-1.083134528292479581e+00
-2.741321910516713700e+00
6.710235902803614039e-01
-4.667276025926194727e-01
-1.398744500116422262e+00
1.305324479015794292e+00
1.489530320351994508e+00
-1.022239362981528371e-01
-2.704862690399137959e-01
-5.641229052283471684e-02
9.001487707810581496e-01
-9.168292235108044252e-02
5.269640188178466023e-01
-5.610498896746173303e-01
-1.252494716484590098e+00
5.673627752072615271e-01
-1.382553104379950493e-01
-4.850158017264376564e-01
-1.150178386072388120e-01
1.237330954824812090e-01
-2.729898692847769134e-02
-1.329952845095917269e+00
-2.564333317839095905e+00
-1.878805998768696695e+00
8.703830004552670641e-01
-7.018881157932083115e-01
-1.336145175990787193e+00
9.465411399319606511e-01
-1.627750132899711710e+00
1.852895135695139528e-01
5.117448127515956263e-02
-2.086137556520115677e+00
-1.518145740367058960e-01
1.303372231076229459e+00
-2.565753783243073793e-01
-2.837609748741372062e-01
-2.313885513668469118e-01
1.371694743929003646e-01
4.446479444060859043e-01
-8.046666580345286368e-01
-2.805633817040844025e-01
-1.133823891424547758e+00
7.278261214899716114e-01
-4.572666269245282411e-01
-5.649370129419858388e-01
3.471561466644177557e-02
9.707048126244177677e-01
7.643465220913897573e-01
-1.879797760232789550e+00
9.551690649794126742e-01
4.995224086452350054e-01
1.617832608794799176e+00
-1.642695158562639257e+00
7.069935908066036223e-01
3.951350508565336095e-01
-1.978496670725338635e+00
2.283413305798612514e-01
3.780698172411940394e-01
-2.943951472868551633e+00
-2.368125185246508224e-01
-1.219926018316300625e-01
3.046653004132106046e-01
-5.300815538226038015e-01
-7.397052287244718083e-02
4.440644712436485619e-01
3.611250123308739068e-01
5.269121174437213506e-01
2.550432298927562402e-01
2.087463784486789375e+00
-1.283100264670321122e+00
1.138286642403428944e-01
9.298585208130881741e-01
-5.374400491546684755e-01
-6.614929313075793571e-01
1.139388529824827856e+00
2.604778680404162133e-02
3.385013010918989096e-01
-3.817262244562113493e-01
7.342575628020909795e-01
1.028656951688488697e+00
3.067692401121394630e-01
2.304343991606666864e-01
2.476097531684029907e+00
-1.503060111023010625e+00
8.856863368703494777e-01
7.118344753235505973e-02
-5.099782541413249159e-01
-4.985920055756390967e-01
-6.554245649239131000e-01
-7.995346689521090067e-01
-8.147522665620839932e-01
6.753215979783640417e-03
1.228033050179631935e+00
-3.855516225347501158e-01
-1.581178788821435977e-01
8.892656853204445877e-01
5.943390550005300810e-01
6.296227654912653904e-01
4.415840699360492616e-01
-9.648657857709088681e-01
-1.468778249900220434e+00
1.420516384074550720e+00
-1.095515592930961679e+00
-1.023313581203378453e+00
5.580494151250670748e-02
5.919532139991113828e-01
1.062124498578526977e+00
4.956829232834312760e-01
9.242522607749503738e-01
1.008990372627961873e+00
-2.538106511201183579e-01
-1.174896887637668197e+00
1.667139402958869976e+00
-1.373253136510264594e-01
-1.209394292286547629e-01
2.574317246724854957e+00
1.348108027779548745e+00
4.355522445295613165e-01
1.171831652793086320e+00
-4.497074018746740065e-01
1.007712159363345572e+00
1.236569630506703987e+00
1.640279042505369822e-01
-1.816042017507867867e-01
4.736333991976255375e-01
-7.064746783279047815e-01
-5.340674231272024564e-01
6.771229620260155180e-02
-9.192539158389472220e-01
-4.370193677950632849e-01
1.242789675155490547e+00
-6.866130814964201134e-02
-2.942499941822392800e-02
-1.094231008876324962e+00
-9.150370793291462412e-01
1.742175713201625120e+00
-1.466015706505448435e+00
6.151623526216400961e-01
4.023366556869394373e-01
5.819861587671232295e-01
-5.628271796394466175e-01
1.053030942566949291e-01
-1.716677100505052067e+00
5.974679104581013256e-01
-7.841998049152386630e-01
-1.384787940561601760e-01
2.003414655468969963e-01
1.728818998559039088e-01
-3.168488576822994229e-01
-2.464175334170353171e+00
9.746109598594209222e-01
-8.862737078000137991e-01
1.329262541677196596e+00
4.531871582416892030e-01
1.214185581804415381e+00
-9.739852585219860304e-01
-7.865250383316949589e-01
-6.456554311807195523e-01
-2.034930606047991475e+00
-3.039989406938330974e-01
-5.606619747870945636e-01
5.552336736885015167e-01
-1.240168906120922898e+00
-1.551387674989334942e+00
-4.719606879875223870e-01
1.630017378463557987e-01
-1.787290608663737457e+00
-8.180622413510620916e-01
5.829150933251721067e-01
-8.557483432195215345e-01
8.596916808337159432e-01
-1.238240463645318146e-01
1.679091722308686807e-01
-3.824550892602483487e-01
-6.853240388580105202e-01
-8.917731679991517391e-01
-4.362452552209695744e-01
7.270775346628428615e-01
-1.535150847328197177e+00
7.425234606569468543e-01
7.348525582577004611e-01
-4.645729299758204478e-01
2.348813654511652804e-01
4.008553333286913878e-01
-9.687369087545318891e-01
-6.204576395304345349e-01
-1.505737766150948009e-01
6.315717578942293686e-01
-8.410263331706264722e-01
-2.149330696959251552e-01
-2.458397750570113505e-01
1.081567068583010771e+00
6.204580220314064309e-01
-9.785034449152614222e-01
4.949364428567937790e-01
-1.579521041125034442e+00
3.063266355135456712e-02
7.061750251414641300e-01
7.971916717291221977e-01
2.467507114134036839e-01
-4.726628164626084927e-01
-8.412566675945012951e-02
9.494822358812154972e-01
-6.825415215460158003e-02
-7.749232609958733864e-01
1.035735597872629254e+00
-3.270943045672388555e-02
-1.557121732876838527e+00
-7.850536357410676791e-01
1.182679192017058734e+00
7.166478865218353089e-01
1.020088235958046319e+00
-1.609105681256323361e+00
-2.171869119014138982e-01
8.120673324105088797e-01
5.358224313253278082e-01
-9.676978978383827812e-01
1.412178391019471568e-01
1.165005285999176854e+00
1.580815721926996487e+00
-1.855581644196362401e+00
2.097367178714136804e-01
-1.754715497141590141e+00
-1.074307296121786853e-01
-2.000608373390581285e+00
6.260207116160338980e-01
-1.116692205348292166e+00
-1.963519352521719830e-02
-8.730556859978471085e-01
-1.729214117024915343e+00
-8.307586142829080922e-01
1.590220765963662686e+00
-1.091062818849888094e+00
-5.164506572534136586e-01
-1.490800777741204231e+00
-2.856579488972746383e-01
-1.288524567867337378e+00
6.719033271771508442e-01
6.316071768241909856e-01
4.271712570373346063e-01
-4.698649889113671874e-01
-1.060395943333193980e+00
-6.932869429734664357e-02
-3.088780883702462177e-01
-3.512294688240270024e-01
-1.723218143607706532e+00
-1.648887995332501077e+00
3.895008993277364051e-01
-7.462207917248548927e-01
-1.515502199295820196e+00
7.562666912028699340e-01
8.366959711687221857e-02
4.150787148695725404e-01
-8.410795624810104565e-01
2.642268696130669059e-01
1.495184823471623847e+00
-1.829195359119142050e-01
7.721969638302621231e-02
-1.186495562393867997e+00
8.820492262822789975e-01
-6.094995099406641526e-02
-5.905939616770510270e-01
-5.296436099002978931e-02
1.561193582534610602e+00
-1.363342198010269457e-01
-2.243439860477923098e+00
-7.858068622738560993e-01
1.354298660299896595e-01
-9.708190679402225465e-01
4.759247447847672619e-01
6.301040185982674791e-01
-3.118542053639948852e-01
1.187938458848464274e+00
2.345403218268691248e+00
-1.109416355357917050e+00
1.273256470925469008e+00
2.744752403738217605e+00
9.667645753464041425e-01
4.181225768309291824e-01
-6.006212452366020971e-01
8.175569696548554699e-01
1.127869491227218468e+00
-2.253387700293278950e-01
-2.022207806405837083e+00
1.397904632235411893e-01
-1.200279965606507959e+00
5.733105128858744237e-01
-1.822723618126450285e-01
-4.083546810201207911e-01
-1.253514229445061190e+00
6.676227251945149321e-01
8.705747514539488030e-01
-8.111163848225911854e-01
-2.963289672564133337e-01
-8.176684716198371339e-01
-6.198825026693667306e-01
4.935774964314974533e-01
-4.774120639957712409e-01
7.460136621831876536e-01
1.086164719549582575e-01
9.724105341180986350e-01
-1.551635158259009106e+00
-3.297102461710367249e-01
1.693972337542195838e-01
-2.370759639696693177e-01
6.741643234679092211e-01
-4.289938073081916992e-02
-1.399355807144624375e-01
-6.650229296897498532e-01
-1.022860536440394652e+00
1.688695288599621411e-02
-1.325926912068063013e+00
-4.371574465310933411e-01
6.152794474372053068e-01
-1.155576467690084375e+00
7.845689959499599908e-01
1.320660262865716306e-01
-7.843901486250209887e-01
5.056356703992109791e-01
-1.120691669608336216e+00
-1.041827745177765552e+00
1.692471852456975054e-02
-8.146262308275350472e-01
1.663876938546781856e-02
-5.962762073326596246e-01
-9.463246370511542160e-01
5.566133718430861244e-01
-7.268039637959109456e-01
-3.324520324559783635e+00
4.018323554768728489e-01
9.569842317828111122e-01
-1.098567124440319231e+00
1.439040931771374154e+00
-1.170267962355527436e+00
1.446860956017800959e+00
2.396431148276551848e-01
1.217397937696310245e-01
5.269613216061554972e-01
-1.066563549599073291e+00
3.902402801166668378e-02
4.837651464217810338e-01
-9.541034210430727747e-01
1.333638069385249425e+00
8.609188963963735342e-01
2.010565730070558998e-01
1.083604899982690606e+00
1.148702316413174884e-02
-1.179508338236997300e+00
-1.095345747923941460e+00
-5.978258686547759382e-01
7.455770064030670108e-01
5.675397865228077460e-02
1.933346655401125824e+00
4.717771863794674170e-01
-1.605931128377786843e+00
1.382371396635831085e+00
-9.629162956807678642e-01
-5.480570628696953550e-01
-9.234760372863624056e-01
-9.350019415662547129e-01
2.290122873430833206e+00
7.177800928457378493e-02
-6.492764038314715602e-01
2.655877468987039580e-01
8.439316395522337144e-01
-1.447481923189862796e+00
4.411330446182958331e-01
3.677904157023186293e-01
-1.120800392824873759e+00
5.599895397322637303e-01
-1.416107809720887234e+00
-5.375953111323126254e-01
-2.843057980500591775e+00
1.221357986677338081e+00
9.103302656181996300e-01
7.351152903597922839e-01
-1.441446825067062676e+00
-1.570637429979065081e+00
-1.501450559753621759e-02
1.007046480456047499e+00
2.165239163906686748e-01
-7.277281450832069343e-01
1.307588217000513198e-01
-1.415977717919025269e-01
-5.121943370256135664e-01
-7.509462649457784300e-01
-1.135513691334016029e+00
4.363885905725956027e-01
3.427510459320640690e-01
1.007807993024642801e-01
7.452407033569830377e-03
7.425980104320401010e-01
-5.225370869493389803e-01
-1.070265083821400953e+00
-7.395405741505216568e-01
-1.585205675066208020e+00
6.409489715567178170e-01
2.012470554072594009e+00
6.731432063629132490e-01
-1.231450293420709885e+00
3.187100874431512687e-01
-1.318750576614347025e+00
-1.675168000584059902e+00
-3.682179049770580859e-01
1.707022783573645341e+00
2.468997248513209730e-01
-2.145575174086228998e+00
-3.727342001139530292e-02
-3.127665598264322000e-01
-2.276172116661404843e+00
-3.715991321235346256e-01
1.314596335601026400e+00
5.240548824833705099e-01
-3.416911443422617767e-01
-3.370129676215663506e-02
2.124722314274921087e-01
9.345893116483825480e-01
-3.815641021902849150e-01
1.580624407825555133e+00
1.497993062415431620e+00
1.531456184028274548e+00
-4.024899683547114582e-01
6.531579818914222679e-01
5.178208787109548350e-01
4.143748569056887598e-01
-1.040459767645495782e-02
6.904917838408076713e-01
-2.044876215850184309e+00
-1.924576686288287652e-01
-4.367887378021798050e-01
5.368848746499444990e-01
-1.327447955736213991e+00
-3.797237410184691082e-03
-1.006815003398199709e-01
-6.988330674874734250e-01
3.920674484081867334e-02
4.594265731283300180e-01
1.494153077025928367e+00
-8.670720767934295692e-01
1.031099844289471879e+00
1.898364030925063783e-01
-6.212179045851087267e-01
-7.250842205724600253e-02
1.829626561213971048e+00
2.915836507157121837e-01
1.129095936409776790e+00
-4.452166083983432610e-01
-2.422312593376952927e-01
-3.108403730213604721e-01
-1.227641513733965350e+00
-6.264324674082851763e-01
-1.253027547734053282e-01
1.532667625088919516e+00
5.083025305653172676e-01
2.363750726320347884e+00
6.634456352885509389e-01
-5.371302741834930172e-01
-5.658768883354915735e-02
1.300802764434996206e+00
1.136634099187375374e-01
8.849193386168658915e-01
-8.519219995995427341e-01
5.078590050342726148e-01
2.027522500248577941e+00
-1.033235099912878763e+00
-2.398344849861460404e-01
1.311278051011228740e-01
-1.861327249433665162e-02
-6.959262029032128316e-01
-2.935465881572024149e-01
1.485718246432200074e+00
-5.545847490996524271e-02
-1.317645904225333675e+00
3.521165201206215567e-01
-4.314814704061001316e-01
2.921175507636208368e-01
1.283964071858538780e+00
-4.664487843235729514e-01
-1.298841216822196998e+00
4.331369193914718085e-01
1.212372665053876863e+00
6.471521648738542964e-01
9.445460928148748936e-01
4.410772061703808755e-01
4.666146586743284419e-01
-2.258054011317176091e+00
-1.207256184517052411e+00
-1.984716724844555191e+00
3.151770427749875370e-01
1.020986511699980337e+00
3.087747229036919006e-01
1.052642319378896740e+00
-1.186039964141632375e+00
-1.115345601378558316e+00
-1.429720191821154618e+00
-9.923358142324517628e-01
3.568186022811704050e-01
-1.936816153213374303e-01
7.767566513666467332e-01
2.211227791285024502e-01
8.736947470735162424e-01
-3.894665412164929896e-01
1.845767060641317014e+00
9.674367501959169058e-01
1.731616350746062905e+00
-2.701391620189731446e-01
-1.116874404537754772e+00
-1.035212411313081615e+00
-6.073436254361730402e-01
-2.356622887600142935e+00
-1.124409003467230050e+00
-2.849030123942357662e-01
-9.393780819509066626e-01
-5.099103588829609901e-01
3.471278328744614172e-01
-3.682792240048071153e-01
-1.370706381383638872e+00
1.818568750423981806e+00
-4.223272337862363224e-01
1.989935730009363857e+00
-1.762738816553748977e+00
8.478634494188111992e-01
-1.293424589508192835e+00
-1.263881352940896985e+00
1.048832774710140470e+00
1.081441867568633808e-01
-2.447458759467795730e-01
-3.984923141022508886e-01
9.694375060286426482e-01
-1.170332116292629454e+00
6.151667030135899994e-01
-1.278150190830691368e+00
-5.363224332777241088e-01
7.512920303040039327e-01
3.210027484017471955e-01
-8.208818971478015758e-01
-3.014818041918592151e-01
3.381765682231144821e-01
2.969217445437635772e-01
4.435633091280963280e-01
7.977006299014770541e-01
8.932718886480759402e-01
6.806261198034289084e-01
3.269158201218116955e-01
1.773137686727617846e+00
6.008049044313409359e-01
-1.066012490575583005e+00
-2.334173017989169985e+00
-1.480497882047310698e+00
2.692111768046983600e-01
-2.014605277371361858e+00
4.979946158603035800e-01
6.544189617170517170e-01
5.408760698307828463e-01
6.420013316112606061e-01
-1.231490927757754178e-01
1.181294842701159586e+00
1.903082516910169497e-01
-2.711106225069420672e-01
-1.393254829922334848e+00
4.529065070878069976e-01
-6.036741072113570583e-01
-2.504902598293745619e-01
-6.906857581032266324e-01
7.026623611847707118e-02
-3.705108672573854678e-01
5.365573911095563586e-01
1.548265743085980528e+00
5.464146408957961665e-01
-4.427128656348701674e-01
-1.829151358138367600e+00
-1.025495371766666830e+00
-1.274140999117079787e+00
-6.147479647081552923e-01
1.456719862588833125e+00
2.214604772783194786e+00
-1.513587027760621373e+00
-3.613576146731294902e-01
-2.089018626302629578e+00
1.145049351880703226e+00
-3.465349619831269434e-01
3.688572091815533471e-01
4.968332152369663857e-01
-1.340654552769017682e+00
5.502736944424827525e-01
1.028416735243233709e-01
-5.658458407769451082e-02
-1.585234132898322379e+00
6.012411296485784540e-01
-1.158406631147641530e+00
4.965100066564718251e-01
6.013129568977061412e-01
-1.850832846019149214e-01
-2.920632339271739611e-02
-7.206257272406740855e-01
7.535791438247766427e-01
3.313219686369579531e-01
7.180747105689881948e-01
4.770007706591137819e-01
-1.034451596541493767e+00
8.589278040131577141e-01
2.159031770388353255e-01
-5.463722326071435154e-01
1.185411133496964364e+00
-1.367145486512746588e+00
1.729829722847492368e-01
-5.033089439102309548e-01
5.884966142317667182e-02
-3.819818847816602303e-01
-5.971593740885856871e-02
-1.941002687975655450e+00
1.620611882756763378e-01
6.622741521258343478e-02
-3.599149924598569750e-01
-5.532737913603119617e-01
2.264246841268894583e-01
1.379522621258482351e+00
3.496691395507618427e-01
4.392037519819261826e-01
5.076319022396100777e-01
7.165463958059278132e-03
-3.223413073241176430e-01
-1.781979776636930080e+00
1.843233312829315240e+00
-5.984405804882085844e-01
-1.720839084244061956e+00
2.760892573299727482e-01
-2.481768356734776582e+00
-7.779245072044761455e-01
-1.271197488247292728e+00
-1.413701183785557980e+00
3.168172047556674364e-01
-2.870979009379859281e-01
-2.062220352859288841e+00
-6.362329190428051007e-01
-5.561349969060138676e-01
1.268632010722196002e+00
1.134744982073371045e+00
-4.281606238419729399e-02
-1.049314597672790672e+00
-1.538902013594733997e+00
-7.239627987245378371e-01
-1.211524392161619890e+00
-5.264823275888357301e-01
1.767214850967812279e+00
-3.804862261523541123e-01
-1.965983121966663028e+00
1.090025719170467644e+00
-2.217359987854874148e-01
-6.300270175801534478e-01
-1.959997761112178827e-01
6.934473526940321264e-01
6.191697497761999847e-01
3.470468343605085382e-01
-3.085510834211894760e-01
-9.191083911272331930e-01
6.894861717299930470e-01
-2.680342702829557333e-01
5.055365671341875977e-01
2.162436718933858637e-01
-4.404327554237796871e-01
-2.257969165393970634e+00
1.322895732204420804e+00
4.470920052560555247e-01
3.066919028701989847e-01
-2.741011886369740802e-01
2.015256858621766956e+00
1.091430615839096063e+00
1.558498565178064732e-01
-1.531945731160877511e+00
1.499201966946018150e+00
2.365891530449681923e+00
-6.106648129077388854e-01
1.244003131642834381e+00
-1.670418225502413145e+00
1.879026226901058694e+00
-1.539898669348370275e+00
-1.209470666527179938e+00
5.115828923058917121e-01
-1.899256427473424227e-02
-5.349379480058100711e-01
-6.415770055806967465e-01
-7.669941494331007359e-01
2.929169415522641096e-01
1.704313560832475760e+00
-1.882460552216490002e-01
-6.722982358265905400e-01
1.966196902847582029e-01
-6.507911063314230082e-01
-8.786793628462030714e-01
-1.366457619651877120e-01
9.290289907215517617e-01
9.460954351562894660e-01
-1.518280469182504033e+00
-4.893413980182453327e-01
-1.334765246406239836e+00
-6.828353704132009705e-01
8.302997668797280628e-01
-5.620681956445857663e-01
-6.471685090373895388e-01
8.896755784531891198e-01
5.962065601686336036e-01
-1.633701642388106556e+00
2.323617166752629803e-02
5.546017803058799212e-01
-4.093691498033339426e-01
-9.973711624925005736e-01
-1.513433092825919646e+00
2.651929254446851458e-01
8.758104958521459871e-01
7.535808985488398060e-01
-8.297031115670679968e-01
3.671761406638193725e-01
1.057670967837674308e-01
-3.002690144980199594e-01
3.729838292280941991e-01
3.743722250976034283e-01
-3.114035610654324326e+00
-5.317142052342516134e-01
-1.421468727975846169e-01
2.878370566285022303e-01
4.545929298213897130e-01
-1.065316774636085428e+00
-1.582493214781738766e+00
